0 0.055195312499999996 0.5851041666666666 0.08875000000000001 0.13333300000000006
0 0.059335937500000005 0.6007291666666666 0.0775 0.16333299999999987
0 0.1474609375 0.528333 0.10750000000000001 0.25000000000000006
0 0.15078125 0.5473955 0.10250000000000001 0.33
0 0.3423046875 0.588333 0.10000000000000003 0.253334
0 0.3458984375 0.5797916666666667 0.09250000000000003 0.24333300000000002
0 0.56125 0.5929166666666666 0.0625 0.15000000000000005
0 0.5576171875 0.5880205 0.053749999999999964 0.11333400000000005
0 0.6467578125 0.5502083333333333 0.10499999999999998 0.2633329999999999
0 0.651640625 0.5447913333333333 0.11499999999999999 0.32333400000000007
0 0.84171875 0.5701038333333334 0.08625000000000005 0.21666700000000003
