1 0.423125 0.05015624999999999 0.06437500000000002 0.07083300000000002
1 0.48140625 0.23552116666666667 0.13437499999999997 0.19416599999999998
1 0.4777734375 0.05442741666666667 0.06062500000000004 0.07583299999999998
1 0.4918359375 0.10119825 0.04500000000000004 0.04166599999999998
1 0.5339453125 0.08270799999999999 0.05812499999999998 0.094167
1 0.550546875 0.12875 0.059374999999999956 0.06416700000000002
1 0.607265625 0.2230211666666667 0.14625 0.19416599999999998
1 0.5884375 0.11666633333333333 0.0475000000000001 0.04166700000000001
1 0.770625 0.11630241666666667 0.03125 0.045000000000000005
1 0.7830859375 0.07119825 0.04500000000000004 0.039166
1 0.7971484375 0.13807258333333333 0.030625000000000013 0.05000000000000001
1 0.800625 0.08713541666666667 0.03249999999999997 0.045000000000000005
1 0.8191796875 0.06880241666666666 0.03749999999999998 0.04583299999999999
1 0.8184765625 0.1629684166666667 0.03500000000000003 0.04666699999999998
1 0.8284765625 0.11890658333333333 0.03374999999999995 0.04999999999999999
1 0.8290625 0.14942708333333335 0.016874999999999973 0.03583299999999998
