1 0.039296875 0.05597964376590331 0.060000000000000005 0.112561
1 0.095390625 0.09369470229007633 0.05249999999999999 0.125612
1 0.13968750000000002 0.13539123155216284 0.0475 0.12724300000000002
1 0.1679296875 0.1565364681933842 0.03812499999999999 0.08646000000000002
1 0.196875 0.16345158524173026 0.031875000000000014 0.102773
1 0.219140625 0.17030493893129772 0.020625000000000004 0.07993499999999999
1 0.245078125 0.20997935114503816 0.03562499999999999 0.06362200000000003
1 0.2426953125 0.17826688040712468 0.02687500000000001 0.07014599999999997
1 0.264296875 0.2320998804071247 0.02812500000000001 0.07014700000000001
1 0.27609375 0.2509574096692112 0.02437499999999998 0.07341000000000002
1 0.288515625 0.2582008804071247 0.020625000000000004 0.06688500000000003
1 0.2999609375 0.2531118218829516 0.013749999999999984 0.060358999999999996
1 0.3145703125 0.29135029262086515 0.02562500000000001 0.053834
1 0.3099609375 0.26342323409669216 0.014375000000000027 0.04241399999999995
1 0.3231640625 0.2927872340966921 0.018125000000000002 0.040783000000000014
1 0.329765625 0.32051923409669214 0.020000000000000018 0.04241400000000003
1 0.379921875 0.4172113460559797 0.09125 0.23654199999999995
1 0.4929296875 0.44339164631043254 0.007500000000000007 0.027731999999999986
1 0.5111328125 0.4515476463104326 0.010624999999999996 0.02610199999999998
1 0.53828125 0.452266117048346 0.009374999999999911 0.022839000000000016
1 0.5868359375 0.4598919363867684 0.07687500000000003 0.16313200000000005
1 0.56140625 0.45552911704834603 0.009375000000000022 0.02283800000000001
1 0.6237109375 0.3948417633587787 0.015000000000000013 0.04893999999999999
1 0.6331640625 0.37617929262086514 0.018124999999999947 0.053834000000000035
1 0.6419140625 0.36528270483460556 0.01937499999999992 0.03752100000000002
1 0.6505859375 0.34825223409669215 0.013749999999999929 0.04404500000000001
1 0.6575390625 0.33448276335877863 0.018124999999999947 0.04893999999999999
1 0.6643359375 0.33050229262086517 0.014375000000000027 0.05220199999999994
1 0.6725390625 0.3374174096692112 0.01937500000000003 0.07341000000000002
1 0.677890625 0.3187549389312977 0.02124999999999999 0.076672
1 0.6958203125 0.29408988040712464 0.026874999999999982 0.06688500000000007
1 0.7001171875 0.2558514096692112 0.02187500000000009 0.07341000000000002
1 0.71671875 0.26055035114503816 0.024375000000000036 0.06362200000000003
1 0.7326171875 0.24717199745547075 0.02312499999999995 0.089723
1 0.746796875 0.22903293893129772 0.028124999999999956 0.076672
1 0.771171875 0.1864228804071247 0.028125000000000067 0.070147
1 0.7990234375 0.1839411145038168 0.030624999999999902 0.107667
1 0.831484375 0.16182058524173026 0.043749999999999956 0.10603599999999998
1 0.8744140625 0.14824717302798981 0.050000000000000044 0.12071699999999998
1 0.9162890625 0.09532670229007634 0.050000000000000044 0.125611
1 0.9731640625 0.05343511450381679 0.05062500000000003 0.11093
