1 0.11328125 0.8258577730600294 0.008124999999999993 0.017823999999999906
1 0.16117187500000002 0.3369927979502196 0.090625 0.13227
1 0.130859375 0.7428939019033675 0.012500000000000011 0.022514000000000034
1 0.2555078125 0.3039582210834553 0.04250000000000004 0.07504699999999996
1 0.24015625 0.35640290190336754 0.009375000000000022 0.02063799999999996
1 0.2475390625 0.8417356749633969 0.01812500000000003 0.038461000000000016
1 0.26625 0.8643639326500732 0.033125000000000016 0.04409000000000001
1 0.2836328125 0.12041677306002926 0.010000000000000009 0.018762000000000025
1 0.3361328125 0.8695359019033675 0.010000000000000009 0.021575999999999974
1 0.3914453125 0.8310921229868229 0.05750000000000005 0.09662299999999986
1 0.7167578125 0.6091338345534407 0.04125000000000001 0.06566599999999999
1 0.7256640625 0.3246221595900439 0.018124999999999947 0.027203999999999957
1 0.8037890625 0.09302841727672036 0.01937499999999992 0.03470899999999998
1 0.8173046875 0.6030056442166911 0.006250000000000089 0.0159469999999999
1 0.8891796875 0.8572266442166911 0.007500000000000062 0.016886000000000012
1 0.938984375 0.7198537730600293 0.013125000000000053 0.019700000000000023
1 0.9936328125 0.7236067730600292 0.010624999999999996 0.019700000000000106
