1 0.0029296875 0.4901596423357665 0.0075 0.06722699999999994
1 0.0078125 0.2876269927007299 0.0175 0.14098900000000003
1 0.0166015625 0.7124629927007299 0.034375 0.14285699999999996
1 0.413125 0.29952757664233576 0.06437499999999996 0.129785
1 0.439453125 0.21444186861313866 0.06687500000000002 0.12324900000000001
1 0.45421875 0.41575208029197075 0.05499999999999999 0.06069099999999998
1 0.4722265625 0.3302218686131387 0.065 0.12511599999999998
1 0.45765625 0.6006260802919707 0.009375000000000022 0.05975700000000005
1 0.48140625 0.4979327445255475 0.03937499999999999 0.10737599999999996
1 0.6865234375 0.43788630656934313 0.06187500000000001 0.11671399999999993
1 0.717890625 0.495776306569343 0.05249999999999999 0.114846
1 0.729609375 0.35456455474452553 0.07499999999999996 0.15126099999999998
1 0.74796875 0.41361030656934306 0.05500000000000005 0.11671299999999997
1 0.74125 0.5147397445255474 0.03187499999999999 0.10644200000000004
1 0.93109375 0.07963174452554744 0.05624999999999991 0.107377
1 0.956171875 0.20113245255474455 0.05999999999999994 0.112979
1 0.9589453125 0.27559203649635033 0.057499999999999996 0.099907
1 0.976484375 0.13921901459854016 0.04437500000000005 0.120448
1 0.9833984375 0.3420037445255475 0.030625000000000013 0.10550899999999995
